4.800000000000000000e+01
4.800000000000000000e+01
4.800000000000000000e+01
4.800000000000000000e+01
4.800000000000000000e+01
4.800000000000000000e+01
4.800000000000000000e+01
4.800000000000000000e+01
4.800000000000000000e+01
4.800000000000000000e+01
4.800000000000000000e+01
4.800000000000000000e+01
4.800000000000000000e+01
4.800000000000000000e+01
4.800000000000000000e+01
4.800000000000000000e+01
4.800000000000000000e+01
4.800000000000000000e+01
4.900000000000000000e+01
4.900000000000000000e+01
4.900000000000000000e+01
4.900000000000000000e+01
4.900000000000000000e+01
4.900000000000000000e+01
4.900000000000000000e+01
4.900000000000000000e+01
4.900000000000000000e+01
4.900000000000000000e+01
4.900000000000000000e+01
4.900000000000000000e+01
4.900000000000000000e+01
4.900000000000000000e+01
4.900000000000000000e+01
4.900000000000000000e+01
4.900000000000000000e+01
4.900000000000000000e+01
4.900000000000000000e+01
4.900000000000000000e+01
4.900000000000000000e+01
4.900000000000000000e+01
4.900000000000000000e+01
4.900000000000000000e+01
5.700000000000000000e+01
5.700000000000000000e+01
5.700000000000000000e+01
5.700000000000000000e+01
5.700000000000000000e+01
5.700000000000000000e+01
5.700000000000000000e+01
5.700000000000000000e+01
5.700000000000000000e+01
5.700000000000000000e+01
5.700000000000000000e+01
5.700000000000000000e+01
5.700000000000000000e+01
5.700000000000000000e+01
5.700000000000000000e+01
5.700000000000000000e+01
5.700000000000000000e+01
5.700000000000000000e+01
5.300000000000000000e+01
5.300000000000000000e+01
5.300000000000000000e+01
5.300000000000000000e+01
5.300000000000000000e+01
5.300000000000000000e+01
5.300000000000000000e+01
5.300000000000000000e+01
5.300000000000000000e+01
5.300000000000000000e+01
5.300000000000000000e+01
5.300000000000000000e+01
5.300000000000000000e+01
5.300000000000000000e+01
5.300000000000000000e+01
5.300000000000000000e+01
5.300000000000000000e+01
